111111111111111111111111111111
100000000000000040000000000001
100001111100000000001111000001
100003000100000000001000000001
100000000100000000001000000001
100000000111111100001000000001
100000000000000100001000000001
100000000000000100001000000001
100011111111000100001000000001
100000000001000100001000000001
100000000001000100001000000001
100000000001000111111000000001
100000000001000000000000000001
100000000001000000000000000001
100000000001111111111100000001
100000000000000000000100000001
100000000000000000000100000001
100011111111111100000100000001
100000000000000100000100000001
100000000000000100000100000001
100040000000003100000111110001
100000000000000100000000010001
100000000000000100000000010001
100000000000000111111000010001
100000000000000000001000010001
100000000000000000001000010001
100011111111111111111000010001
100000000000000000000000010001
100000000000000000000000000041
111111111111111111111111111111